1580 9
1580 10
1580 11
1580 12
1580 13
1581 10
1581 11
1581 12
1581 13
1581 14
1581 15
1581 16
1582 12
1582 13
1582 14
1582 15
1582 16
1582 17
1582 18
1582 19
1583 12
1583 13
1583 14
1583 15
1583 16
1583 17
1583 18
1583 19
1583 20
1584 13
1584 14
1584 15
1584 16
1584 17
1584 18
1584 19
1584 20
1584 21
1584 22
1584 23
1584 25
1585 14
1585 15
1585 16
1585 17
1585 18
1585 19
1585 20
1585 21
1585 22
1585 23
1585 24
1585 25
1585 27
1586 14
1586 15
1586 16
1586 17
1586 18
1586 19
1586 20
1586 21
1586 22
1586 23
1586 24
1586 25
1586 26
1586 27
1586 29
1587 14
1587 15
1587 16
1587 17
1587 18
1587 19
1587 20
1587 21
1587 22
1587 23
1587 24
1587 25
1587 26
1587 27
1587 28
1587 29
1587 30
1587 31
1588 16
1588 17
1588 18
1588 19
1588 20
1588 21
1588 22
1588 23
1588 24
1588 25
1588 26
1588 27
1588 28
1588 29
1588 30
1588 31
1588 32
1588 33
1589 16
1589 17
1589 18
1589 19
1589 20
1589 21
1589 22
1589 23
1589 24
1589 25
1589 26
1589 27
1589 28
1589 29
1589 30
1589 31
1589 32
1589 33
1589 34
1589 35
1589 36
1590 16
1590 17
1590 18
1590 19
1590 20
1590 21
1590 22
1590 23
1590 24
1590 25
1590 26
1590 27
1590 28
1590 29
1590 30
1590 31
1590 32
1590 33
1590 34
1590 35
1590 36
1590 37
