832 0
833 0
833 1
834 0
834 1
834 2
835 0
835 1
835 2
835 3
836 0
836 1
836 2
836 3
836 4
836 5
837 1
837 2
837 3
837 4
837 5
837 6
838 2
838 3
838 4
838 5
838 6
838 7
839 3
839 4
839 5
839 6
839 7
839 8
840 5
840 6
840 7
840 8
840 9
841 6
841 7
841 8
841 9
841 10
841 11
842 6
842 7
842 8
842 9
842 10
842 11
842 12
843 7
843 8
843 9
843 10
843 11
843 12
843 13
844 9
844 10
844 11
844 12
844 13
844 14
845 10
845 11
845 12
845 13
845 14
845 15
846 11
846 12
846 13
846 14
846 15
846 16
847 12
847 13
847 14
847 15
847 16
847 17
848 14
848 15
848 16
848 17
848 18
849 15
849 16
849 17
849 18
849 19
850 16
850 17
850 18
850 19
850 20
851 17
851 18
851 19
851 20
851 21
851 22
852 18
852 19
852 20
852 21
852 22
852 23
853 19
853 20
853 21
853 22
853 23
853 24
854 20
854 21
854 22
854 23
854 24
854 25
854 26
855 21
855 22
855 23
855 24
855 25
855 26
855 27
856 22
856 23
856 24
856 25
856 26
856 27
856 28
857 23
857 24
857 25
857 26
857 27
857 28
857 29
858 24
858 25
858 26
858 27
858 28
858 29
858 30
859 26
859 27
859 28
859 29
859 30
859 31
860 27
860 28
860 29
860 30
860 31
860 32
861 28
861 29
861 30
861 31
861 32
861 33
862 29
862 30
862 31
862 32
862 33
862 34
863 30
863 31
863 32
863 33
863 34
863 35
864 31
864 32
864 33
864 34
864 35
864 36
865 32
865 33
865 34
865 35
865 36
865 37
866 33
866 34
866 35
866 36
866 37
866 38
867 34
867 35
867 36
867 37
867 38
867 39
868 36
868 37
868 38
868 39
868 40
869 37
869 38
869 39
869 40
869 41
870 38
870 39
870 40
870 41
870 42
871 39
871 40
871 41
871 42
871 43
872 40
872 41
872 42
872 43
872 44
873 42
873 43
873 44
873 45
874 43
874 44
874 45
875 44
875 45
875 46
875 47
876 45
876 46
876 47
876 48
877 46
877 47
877 48
877 49
878 47
878 48
878 49
878 50
879 49
879 50
879 51
880 50
880 51
880 52
881 51
881 52
882 52
882 53
882 54
883 53
883 54
883 55
884 54
884 55
884 56
885 55
885 56
885 57
886 56
886 57
886 58
887 57
887 58
887 59
888 58
888 59
888 60
889 59
889 60
889 61
890 60
890 61
890 62
890 63
891 61
891 62
891 63
892 62
892 63
892 64
892 65
893 63
893 64
893 65
893 66
894 64
894 65
894 66
894 67
895 64
895 65
895 66
895 67
895 68
895 69
896 65
896 66
896 67
896 68
896 69
897 66
897 67
897 68
897 69
897 70
897 71
898 66
898 67
898 68
898 69
898 70
898 71
898 72
899 67
899 68
899 69
899 70
899 71
899 72
899 73
899 74
900 68
900 69
900 70
900 71
900 72
900 73
900 74
900 75
901 68
901 69
901 70
901 71
901 72
901 73
901 74
901 75
901 76
902 69
902 70
902 71
902 72
902 73
902 74
902 75
902 76
903 70
903 71
903 72
903 73
903 74
903 75
903 76
903 77
903 78
904 72
904 73
904 74
904 75
904 76
904 77
904 78
904 79
905 72
905 73
905 74
905 75
905 76
905 77
905 78
905 79
905 80
906 73
906 74
906 75
906 76
906 77
906 78
906 79
906 80
906 81
907 74
907 75
907 76
907 77
907 78
907 79
907 80
907 81
907 82
907 83
907 84
908 74
908 75
908 76
908 77
908 78
908 79
908 80
908 81
908 82
908 83
908 84
908 85
909 75
909 76
909 77
909 78
909 79
909 80
909 81
909 82
909 83
909 84
909 85
909 86
910 76
910 77
910 78
910 79
910 80
910 81
910 82
910 83
910 84
910 85
910 86
910 87
911 77
911 78
911 79
911 80
911 81
911 82
911 83
911 84
911 85
911 86
911 87
911 88
912 77
912 78
912 79
912 80
912 81
912 82
912 83
912 84
912 85
912 86
912 87
912 88
912 89
913 78
913 79
913 80
913 81
913 82
913 83
913 84
913 85
913 86
913 87
913 88
913 89
914 78
914 79
914 80
914 81
914 82
914 83
914 84
914 85
914 86
914 87
914 88
914 89
914 90
915 78
915 79
915 80
915 81
915 82
915 83
915 84
915 85
915 86
915 87
915 88
915 89
915 90
915 91
916 80
916 81
916 82
916 83
916 84
916 85
916 86
916 87
916 88
916 89
916 90
916 91
916 92
917 80
917 81
917 82
917 83
917 84
917 85
917 86
917 87
917 88
917 89
917 90
917 91
917 92
917 93
918 81
918 82
918 83
918 84
918 85
918 86
918 87
918 88
918 89
918 90
918 91
918 92
918 93
918 94
918 95
919 81
919 82
919 83
919 84
919 85
919 86
919 87
919 88
919 89
919 90
919 91
919 92
919 93
919 94
919 95
919 96
920 83
920 84
920 85
920 86
920 87
920 88
920 89
920 90
920 91
920 92
920 93
920 94
920 95
920 96
920 97
921 84
921 85
921 86
921 87
921 88
921 89
921 90
921 91
921 92
921 93
921 94
921 95
921 96
921 97
922 84
922 85
922 86
922 87
922 88
922 89
922 90
922 91
922 92
922 93
922 94
922 95
922 96
922 97
922 98
923 86
923 87
923 88
923 89
923 90
923 91
923 92
923 93
923 94
923 95
923 96
923 97
923 98
924 86
924 87
924 88
924 89
924 90
924 91
924 92
924 93
924 94
924 95
924 96
924 97
924 98
924 99
925 87
925 88
925 89
925 90
925 91
925 92
925 93
925 94
925 95
925 96
925 97
925 98
925 99
925 100
926 88
926 89
926 90
926 91
926 92
926 93
926 94
926 95
926 96
926 97
926 98
926 99
926 100
927 89
927 90
927 91
927 92
927 93
927 94
927 95
927 96
927 97
927 98
927 99
927 100
928 91
928 92
928 93
928 94
928 95
928 96
928 97
928 98
928 99
928 100
929 92
929 93
929 94
929 95
929 96
929 97
929 98
929 99
929 100
929 101
930 93
930 94
930 95
930 96
930 97
930 98
930 99
930 100
930 101
930 102
931 95
931 96
931 97
931 98
931 99
931 100
931 101
931 102
931 103
932 96
932 97
932 98
932 99
932 100
932 101
932 102
932 103
933 98
933 99
933 100
933 101
933 102
933 103
933 104
933 105
933 106
934 99
934 100
934 101
934 102
934 103
934 104
934 105
934 106
935 99
935 100
935 101
935 102
935 103
935 104
935 105
935 106
935 107
936 101
936 102
936 103
936 104
936 105
936 106
936 107
936 108
937 102
937 103
937 104
937 105
937 106
937 107
937 108
937 109
938 103
938 104
938 105
938 106
938 107
938 108
938 109
938 110
939 104
939 105
939 106
939 107
939 108
939 109
939 110
939 111
940 105
940 106
940 107
940 108
940 109
940 110
940 111
940 112
941 106
941 107
941 108
941 109
941 110
941 111
941 112
941 113
942 107
942 108
942 109
942 110
942 111
942 112
942 113
942 114
943 109
943 110
943 111
943 112
943 113
943 114
944 110
944 111
944 112
944 113
944 114
944 115
944 116
945 111
945 112
945 113
945 114
945 115
945 116
945 117
946 112
946 113
946 114
946 115
946 116
946 117
946 118
947 113
947 114
947 115
947 116
947 117
947 118
948 114
948 115
948 116
948 117
948 118
948 119
948 120
949 115
949 116
949 117
949 118
949 119
949 120
949 121
950 116
950 117
950 118
950 119
950 120
950 121
950 122
950 123
951 117
951 118
951 119
951 120
951 121
951 122
951 123
952 118
952 119
952 120
952 121
952 122
952 123
952 124
953 119
953 120
953 121
953 122
953 123
953 124
953 125
954 120
954 121
954 122
954 123
954 124
954 125
954 126
954 127
955 121
955 122
955 123
955 124
955 125
955 126
955 127
956 122
956 123
956 124
956 125
956 126
956 127
956 128
956 129
957 123
957 124
957 125
957 126
957 127
957 128
957 129
958 125
958 126
958 127
958 128
958 129
958 130
958 131
959 126
959 127
959 128
959 129
959 130
959 131
959 132
960 127
960 128
960 129
960 130
960 131
960 132
960 133
961 128
961 129
961 130
961 131
961 132
961 133
961 134
962 129
962 130
962 131
962 132
962 133
962 134
962 135
963 131
963 132
963 133
963 134
963 135
963 136
963 137
964 132
964 133
964 134
964 135
964 136
964 137
965 133
965 134
965 135
965 136
965 137
965 138
966 134
966 135
966 136
966 137
966 138
966 139
967 135
967 136
967 137
967 138
967 139
967 140
967 141
968 136
968 137
968 138
968 139
968 140
968 141
968 142
969 138
969 139
969 140
969 141
969 142
969 143
970 139
970 140
970 141
970 142
970 143
970 144
971 140
971 141
971 142
971 143
971 144
971 145
971 146
972 141
972 142
972 143
972 144
972 145
972 146
973 142
973 143
973 144
973 145
973 146
973 147
974 143
974 144
974 145
974 146
974 147
974 148
974 149
975 144
975 145
975 146
975 147
975 148
975 149
975 150
976 145
976 146
976 147
976 148
976 149
976 150
976 151
977 146
977 147
977 148
977 149
977 150
977 151
977 152
978 148
978 149
978 150
978 151
978 152
978 153
978 154
979 148
979 149
979 150
979 151
979 152
979 153
979 154
979 155
980 150
980 151
980 152
980 153
980 154
980 155
980 156
981 151
981 152
981 153
981 154
981 155
981 156
981 157
982 152
982 153
982 154
982 155
982 156
982 157
982 158
982 159
983 153
983 154
983 155
983 156
983 157
983 158
983 159
984 154
984 155
984 156
984 157
984 158
984 159
984 160
984 161
985 155
985 156
985 157
985 158
985 159
985 160
985 161
985 162
986 156
986 157
986 158
986 159
986 160
986 161
986 162
987 157
987 158
987 159
987 160
987 161
987 162
987 163
987 164
988 158
988 159
988 160
988 161
988 162
988 163
988 164
988 165
989 159
989 160
989 161
989 162
989 163
989 164
989 165
989 166
990 160
990 161
990 162
990 163
990 164
990 165
990 166
990 167
991 161
991 162
991 163
991 164
991 165
991 166
991 167
991 168
992 162
992 163
992 164
992 165
992 166
992 167
992 168
992 169
992 170
993 164
993 165
993 166
993 167
993 168
993 169
993 170
993 171
994 165
994 166
994 167
994 168
994 169
994 170
994 171
995 166
995 167
995 168
995 169
995 170
995 171
995 172
996 167
996 168
996 169
996 170
996 171
996 172
996 173
996 174
997 168
997 169
997 170
997 171
997 172
997 173
997 174
998 170
998 171
998 172
998 173
998 174
998 175
999 171
999 172
999 173
999 174
999 175
999 176
999 177
1000 173
1000 174
1000 175
1000 176
1000 177
1000 178
1001 174
1001 175
1001 176
1001 177
1001 178
1001 179
1002 175
1002 176
1002 177
1002 178
1002 179
1002 180
1003 177
1003 178
1003 179
1003 180
1003 181
1004 178
1004 179
1004 180
1004 181
1004 182
1005 179
1005 180
1005 181
1005 182
1005 183
1005 184
1006 180
1006 181
1006 182
1006 183
1006 184
1006 185
1007 181
1007 182
1007 183
1007 184
1007 185
1007 186
1008 183
1008 184
1008 185
1008 186
1008 187
1009 184
1009 185
1009 186
1009 187
1009 188
1010 185
1010 186
1010 187
1010 188
1010 189
1010 190
1011 186
1011 187
1011 188
1011 189
1011 190
1011 191
1012 187
1012 188
1012 189
1012 190
1012 191
1012 192
1013 189
1013 190
1013 191
1013 192
1013 193
1014 190
1014 191
1014 192
1014 193
1014 194
1014 195
1015 191
1015 192
1015 193
1015 194
1015 195
1015 196
1016 192
1016 193
1016 194
1016 195
1016 196
1016 197
1016 198
1017 193
1017 194
1017 195
1017 196
1017 197
1017 198
1017 199
1018 195
1018 196
1018 197
1018 198
1018 199
1018 200
1019 196
1019 197
1019 198
1019 199
1019 200
1019 201
1020 197
1020 198
1020 199
1020 200
1020 201
1020 202
1021 198
1021 199
1021 200
1021 201
1021 202
1021 203
1022 199
1022 200
1022 201
1022 202
1022 203
1022 204
1023 200
1023 201
1023 202
1023 203
1023 204
1023 205
1024 201
1024 202
1024 203
1024 204
1024 205
1024 206
1025 203
1025 204
1025 205
1025 206
1026 204
1026 205
1026 206
1026 207
1026 208
1027 205
1027 206
1027 207
1027 208
1028 206
1028 207
1028 208
1028 209
1029 207
1029 208
1029 209
1029 210
1030 209
1030 210
1030 211
1031 210
1031 211
1031 212
1032 211
1032 212
1032 213
1033 212
1033 213
1033 214
1034 213
1034 214
1034 215
1035 215
1035 216
1036 216
1036 217
1036 218
1037 216
1037 217
1037 218
1037 219
1037 220
1038 217
1038 218
1038 219
1038 220
1039 218
1039 219
1039 220
1039 221
1039 222
1040 219
1040 220
1040 221
1040 222
1040 223
1041 219
1041 220
1041 221
1041 222
1041 223
1041 224
1041 225
1042 221
1042 222
1042 223
1042 224
1042 225
1042 226
1043 221
1043 222
1043 223
1043 224
1043 225
1043 226
1043 227
1044 222
1044 223
1044 224
1044 225
1044 226
1044 227
1044 228
1044 229
1045 222
1045 223
1045 224
1045 225
1045 226
1045 227
1045 228
1045 229
1045 230
1046 224
1046 225
1046 226
1046 227
1046 228
1046 229
1046 230
1046 231
1047 224
1047 225
1047 226
1047 227
1047 228
1047 229
1047 230
1047 231
1047 232
1048 225
1048 226
1048 227
1048 228
1048 229
1048 230
1048 231
1048 232
1048 233
1049 225
1049 226
1049 227
1049 228
1049 229
1049 230
1049 231
1049 232
1049 233
1050 227
1050 228
1050 229
1050 230
1050 231
1050 232
1050 233
1050 234
1051 228
1051 229
1051 230
1051 231
1051 232
1051 233
1051 234
1051 235
1052 229
1052 230
1052 231
1052 232
1052 233
1052 234
1052 235
1052 236
1053 231
1053 232
1053 233
1053 234
1053 235
1053 236
1053 237
1054 232
1054 233
1054 234
1054 235
1054 236
1054 237
1054 238
1054 239
1055 231
1055 232
1055 233
1055 234
1055 235
1055 236
1055 237
1055 238
1055 239
1055 241
1056 232
1056 233
1056 234
1056 235
1056 236
1056 237
1056 238
1056 239
1056 242
1057 233
1057 235
1057 236
1057 237
1057 238
1057 239
1057 240
1057 241
1057 242
1057 243
1058 235
1058 236
1058 237
1058 238
1058 239
1058 240
1058 241
1058 242
1058 243
1058 244
1058 245
1059 235
1059 236
1059 237
1059 238
1059 239
1059 240
1059 241
1059 242
1059 243
1059 244
1059 245
1060 236
1060 237
1060 238
1060 239
1060 240
1060 241
1060 242
1060 243
1060 244
1060 245
1060 246
1061 237
1061 238
1061 239
1061 240
1061 241
1061 242
1061 243
1061 244
1061 245
1061 246
1061 247
1061 248
1062 238
1062 239
1062 241
1062 242
1062 243
1062 244
1062 245
1062 246
1062 247
1062 248
1063 239
1063 240
1063 241
1063 242
1063 243
1063 244
1063 245
1063 246
1063 247
1063 248
1064 241
1064 242
1064 243
1064 244
1064 245
1064 246
1064 247
1064 248
1064 249
1064 250
1065 241
1065 242
1065 243
1065 244
1065 245
1065 246
1065 247
1065 248
1065 249
1065 250
1065 251
1066 242
1066 243
1066 244
1066 245
1066 246
1066 247
1066 248
1066 249
1066 250
1066 251
1067 244
1067 245
1067 246
1067 247
1067 248
1067 249
1067 250
1067 251
1067 252
1068 244
1068 245
1068 246
1068 247
1068 248
1068 249
1068 250
1068 251
1068 252
1068 253
1069 247
1069 248
1069 249
1069 250
1069 251
1069 252
1069 253
1069 254
1070 249
1070 250
1070 251
1070 252
1070 253
1070 254
1070 255
1071 250
1071 251
1071 252
1071 253
1071 254
1071 255
1071 256
1072 251
1072 252
1072 253
1072 254
1072 255
1072 256
1072 257
1072 258
1073 253
1073 254
1073 255
1073 256
1073 257
1073 258
1074 254
1074 255
1074 256
1074 257
1074 258
1074 259
1075 255
1075 256
1075 257
1075 258
1075 259
1075 260
1076 257
1076 258
1076 259
1076 260
1076 261
1077 258
1077 259
1077 260
1077 261
1077 262
1078 259
1078 260
1078 261
1078 262
1078 263
1079 260
1079 261
1079 262
1079 263
1079 264
1080 260
1080 261
1080 262
1080 263
1080 264
1080 265
1081 263
1081 264
1081 265
1082 263
1082 264
1082 265
1082 266
1082 267
1083 263
1083 264
1083 265
1083 266
1083 267
1083 268
1083 269
1083 270
1084 265
1084 266
1084 267
1084 268
1084 269
1084 270
1084 271
1084 272
1085 265
1085 266
1085 267
1085 268
1085 269
1085 270
1085 271
1085 272
1085 273
1085 274
1085 275
1086 266
1086 267
1086 268
1086 269
1086 270
1086 271
1086 272
1086 273
1086 274
1086 275
1086 276
1086 277
1086 278
1086 279
1087 267
1087 268
1087 269
1087 270
1087 271
1087 272
1087 273
1087 274
1087 275
1087 276
1087 277
1087 278
1087 279
1087 280
1087 281
1088 267
1088 268
1088 269
1088 270
1088 271
1088 272
1088 273
1088 274
1088 275
1088 276
1088 277
1088 278
1088 279
1088 280
1088 281
1089 268
1089 269
1089 270
1089 271
1089 272
1089 273
1089 274
1089 275
1089 276
1089 277
1089 278
1089 279
1089 280
1089 281
1089 282
1090 269
1090 270
1090 271
1090 272
1090 273
1090 274
1090 275
1090 276
1090 277
1090 278
1090 279
1090 280
1090 281
1090 282
1090 283
1091 269
1091 270
1091 271
1091 272
1091 273
1091 274
1091 275
1091 276
1091 277
1091 278
1091 279
1091 280
1091 281
1091 282
1091 283
1092 270
1092 271
1092 272
1092 273
1092 274
1092 275
1092 276
1092 277
1092 278
1092 279
1092 280
1092 281
1092 282
1092 283
1093 271
1093 272
1093 273
1093 274
1093 275
1093 276
1093 277
1093 278
1093 279
1093 280
1093 281
1093 282
1093 283
1094 272
1094 273
1094 274
1094 275
1094 276
1094 277
1094 278
1094 279
1094 280
1094 281
1094 282
1095 272
1095 273
1095 274
1095 275
1095 276
1095 277
1095 278
1095 279
1095 280
1095 281
1095 282
1096 274
1096 275
1096 276
1096 277
1096 278
1096 279
1096 280
1096 281
1096 282
1096 283
1097 275
1097 276
1097 277
1097 278
1097 279
1097 280
1097 281
1097 282
1098 276
1098 277
1098 278
1098 279
1098 280
1098 281
1098 282
1099 276
1099 277
1099 278
1099 279
1099 280
1099 281
1099 282
