1581 134
1581 135
1581 136
1582 135
1582 136
1582 137
1582 138
1583 136
1583 137
1583 138
1583 139
1584 137
1584 138
1584 139
1584 140
1584 141
1585 138
1585 139
1585 140
1585 141
1585 142
1585 143
1586 139
1586 140
1586 141
1586 142
1586 143
1586 144
1587 140
1587 141
1587 142
1587 143
1587 144
1587 145
1587 146
1588 140
1588 141
1588 142
1588 143
1588 144
1588 145
1588 146
1588 147
1589 141
1589 142
1589 143
1589 144
1589 145
1589 146
1589 147
1589 148
1590 142
1590 143
1590 144
1590 145
1590 146
1590 147
1590 148
1590 149
1591 142
1591 143
1591 144
1591 145
1591 146
1591 147
1591 148
1591 149
1591 150
1592 143
1592 144
1592 145
1592 146
1592 147
1592 148
1592 149
1592 150
1592 151
1593 144
1593 145
1593 146
1593 147
1593 148
1593 149
1593 150
1593 151
1594 146
1594 147
1594 148
1594 149
1594 150
1594 151
1594 152
1595 146
1595 147
1595 148
1595 149
1595 150
1595 151
1595 152
1595 153
1596 148
1596 149
1596 150
1596 151
1596 152
1596 153
1596 154
1597 149
1597 150
1597 151
1597 152
1597 153
1597 154
1597 155
1598 150
1598 151
1598 152
1598 153
1598 154
1598 155
1598 156
1599 152
1599 153
1599 154
1599 155
1599 156
1599 157
1600 153
1600 154
1600 155
1600 156
1600 157
1600 158
1601 154
1601 155
1601 156
1601 157
1601 158
1601 159
1602 155
1602 156
1602 157
1602 158
1602 159
1602 160
1603 156
1603 157
1603 158
1603 159
1603 160
1603 161
1604 158
1604 159
1604 160
1604 161
1604 162
1605 159
1605 160
1605 161
1605 162
1606 160
1606 161
1606 162
1606 163
1607 161
1607 162
1607 163
1607 164
1608 162
1608 163
1608 164
1608 165
1609 164
1609 165
1609 166
1610 165
1610 166
1610 167
1611 166
1611 167
1611 168
1612 167
1612 168
1612 169
1612 170
1613 168
1613 169
1613 170
1613 171
1614 169
1614 170
1614 171
1614 172
1615 170
1615 171
1615 172
1615 173
1616 171
1616 172
1616 173
1616 174
1616 175
1617 172
1617 173
1617 174
1617 175
1617 176
1618 173
1618 174
1618 175
1618 176
1618 177
1619 174
1619 175
1619 176
1619 177
1619 178
1620 175
1620 176
1620 177
1620 178
1620 179
1621 176
1621 177
1621 178
1621 179
1621 180
1621 181
1622 177
1622 178
1622 179
1622 180
1622 181
1622 182
1623 178
1623 179
1623 180
1623 181
1623 182
1623 183
1624 180
1624 181
1624 182
1624 183
1624 184
1625 181
1625 182
1625 183
1625 184
1625 185
1626 182
1626 183
1626 184
1626 185
1626 186
1627 183
1627 184
1627 185
1627 186
1627 187
1627 188
1628 185
1628 186
1628 187
1628 188
1628 189
1629 187
1629 188
1629 189
1629 190
1630 190
1630 191
1630 192
1631 192
1631 193
1632 193
1632 194
1632 195
1632 196
1633 194
1633 195
1633 196
2445 391
2445 392
2446 391
2446 392
2446 393
2447 391
2447 392
2447 393
2448 392
2448 393
2448 394
2449 394
2449 395
2450 394
2450 395
2450 396
2450 397
2450 398
2450 399
2451 394
2451 395
2451 396
2451 397
2451 398
2451 399
2451 400
2451 401
2452 394
2452 395
2452 396
2452 397
2452 398
2452 399
2452 400
2452 401
2452 402
2452 403
2453 395
2453 396
2453 397
2453 398
2453 399
2453 400
2453 401
2453 402
2453 403
2453 404
2453 405
2454 396
2454 397
2454 398
2454 399
2454 400
2454 401
2454 402
2454 403
2454 404
2454 405
2454 406
2454 407
2454 408
2455 397
2455 398
2455 399
2455 400
2455 401
2455 402
2455 403
2455 404
2455 405
2455 406
2455 407
2455 408
2455 409
2455 410
2456 398
2456 399
2456 400
2456 401
2456 402
2456 403
2456 404
2456 405
2456 406
2456 407
2456 408
2456 409
2456 410
2456 411
2457 399
2457 400
2457 401
2457 402
2457 403
2457 404
2457 405
2457 406
2457 407
2457 408
2457 409
2457 410
2457 411
2457 412
2458 400
2458 401
2458 402
2458 403
2458 404
2458 405
2458 406
2458 407
2458 408
2458 409
2458 410
2458 411
2458 412
2459 402
2459 403
2459 404
2459 405
2459 406
2459 407
2459 408
2459 409
2459 410
2459 411
2459 412
2459 413
2460 404
2460 405
2460 406
2460 407
2460 408
2460 409
2460 410
2460 411
2460 412
2460 413
2461 405
2461 406
2461 407
2461 408
2461 409
2461 410
2461 411
2461 412
2461 413
2461 414
2462 407
2462 408
2462 409
2462 410
2462 411
2462 412
2462 413
2463 408
2463 409
2463 410
2463 411
2463 412
2463 413
2464 410
2464 411
2464 412
3294 2353
3295 2354
3295 2355
3296 2355
3296 2356
3297 2355
3297 2356
3297 2357
3298 2356
3298 2357
3298 2358
3299 2357
3299 2358
3300 2358
3300 2359
3301 2358
3301 2359
3301 2360
3302 2359
3302 2360
3303 2360
3303 2361
3304 2361
3304 2362
3305 2362
3305 2363
3306 2363
3307 2364
3308 2365
3309 2365
3309 2366
3310 2366
3310 2367
3311 2367
3311 2368
3312 2368
3312 2369
3313 2369
3313 2370
3314 2370
3315 2371
3316 2372
3317 2373
3318 2374
3319 2375
3320 2376
3321 2377
3322 2378
3323 2379
3324 2380
3325 2381
3326 2382
3327 2383
3328 2384
3329 2385
3330 2386
3331 2387
3332 2388
3333 2389
3334 2390
3335 2391
3336 2392
3337 2393
3338 2394
3339 2395
3340 2396
3341 2397
3342 2398
3343 2399
3344 2400
3345 2401
3346 2402
3347 2403
3348 2404
3349 2405
3350 2406
3351 2407
3352 2408
3353 2409
3354 2409
3354 2410
3355 2410
3355 2411
3355 2412
3356 2411
3356 2412
3356 2413
3357 2412
3357 2413
3357 2414
3358 2412
3358 2413
3358 2414
3358 2415
3358 2416
3359 2413
3359 2414
3359 2415
3359 2416
3359 2417
3360 2414
3360 2415
3360 2416
3360 2417
3360 2418
3361 2414
3361 2415
3361 2416
3361 2417
3361 2418
3361 2419
3361 2420
3362 2415
3362 2416
3362 2417
3362 2418
3362 2419
3362 2420
3362 2421
3363 2415
3363 2416
3363 2417
3363 2418
3363 2419
3363 2420
3363 2421
3364 2416
3364 2417
3364 2418
3364 2419
3364 2420
3364 2421
3364 2422
3365 2417
3365 2418
3365 2419
3365 2420
3365 2421
3365 2422
3365 2423
3366 2418
3366 2419
3366 2420
3366 2421
3366 2422
3366 2423
3366 2424
3367 2418
3367 2419
3367 2420
3367 2421
3367 2422
3367 2423
3367 2424
3368 2419
3368 2420
3368 2421
3368 2422
3368 2423
3368 2424
3368 2425
3369 2420
3369 2421
3369 2422
3369 2423
3369 2424
3369 2425
3369 2426
3370 2421
3370 2422
3370 2423
3370 2424
3370 2425
3370 2426
3371 2421
3371 2422
3371 2423
3371 2424
3371 2425
3371 2426
3371 2427
3372 2422
3372 2423
3372 2424
3372 2425
3372 2426
3372 2427
3372 2428
3373 2423
3373 2424
3373 2425
3373 2426
3373 2427
3373 2428
3373 2429
3374 2424
3374 2425
3374 2426
3374 2427
3374 2428
3374 2429
3375 2425
3375 2426
3375 2427
3375 2428
3375 2429
3375 2430
3376 2425
3376 2426
3376 2427
3376 2428
3376 2429
3376 2430
3376 2431
3377 2427
3377 2428
3377 2429
3377 2430
3377 2431
3378 2427
3378 2428
3378 2429
3378 2430
3378 2431
3378 2432
3379 2428
3379 2429
3379 2430
3379 2431
3379 2432
3379 2433
3380 2429
3380 2430
3380 2431
3380 2432
3380 2433
3380 2434
3381 2430
3381 2431
3381 2432
3381 2433
3381 2434
3381 2435
3382 2431
3382 2432
3382 2433
3382 2434
3382 2435
3382 2436
3383 2432
3383 2433
3383 2434
3383 2435
3383 2436
3383 2437
3384 2433
3384 2434
3384 2435
3384 2436
3384 2437
3384 2438
3385 2433
3385 2434
3385 2435
3385 2436
3385 2437
3385 2438
3385 2439
3386 2434
3386 2435
3386 2436
3386 2437
3386 2438
3386 2439
3386 2440
3387 2435
3387 2436
3387 2437
3387 2438
3387 2439
3387 2440
3387 2441
3388 2436
3388 2437
3388 2438
3388 2439
3388 2440
3388 2441
3388 2442
3389 2436
3389 2437
3389 2438
3389 2439
3389 2440
3389 2441
3389 2442
3389 2443
3390 2437
3390 2438
3390 2439
3390 2440
3390 2441
3390 2442
3390 2443
3390 2444
3391 2437
3391 2438
3391 2439
3391 2440
3391 2441
3391 2442
3391 2443
3391 2444
3391 2445
3392 2438
3392 2439
3392 2440
3392 2441
3392 2442
3392 2443
3392 2444
3392 2445
3392 2446
3393 2439
3393 2440
3393 2441
3393 2442
3393 2443
3393 2444
3393 2445
3393 2446
3394 2440
3394 2441
3394 2442
3394 2443
3394 2444
3394 2445
3394 2446
3394 2447
3395 2440
3395 2441
3395 2442
3395 2443
3395 2444
3395 2445
3395 2446
3395 2447
3396 390
3396 391
3396 392
3396 2441
3396 2442
3396 2443
3396 2444
3396 2445
3396 2446
3396 2447
3396 2448
3397 391
3397 392
3397 2441
3397 2442
3397 2443
3397 2444
3397 2445
3397 2446
3397 2447
3397 2448
3397 2449
3398 391
3398 392
3398 393
3398 2442
3398 2443
3398 2444
3398 2445
3398 2446
3398 2447
3398 2448
3398 2449
3399 391
3399 392
3399 393
3399 2444
3399 2445
3399 2446
3399 2447
3399 2448
3399 2449
3399 2450
3400 392
3400 393
3400 394
3400 395
3400 2445
3400 2446
3400 2447
3400 2448
3400 2449
3400 2450
3400 2451
3401 393
3401 394
3401 395
3401 2446
3401 2447
3401 2448
3401 2449
3401 2450
3401 2451
3401 2452
3402 393
3402 394
3402 395
3402 396
3402 397
3402 398
3402 2447
3402 2448
3402 2449
3402 2450
3402 2451
3402 2452
3402 2453
3403 393
3403 394
3403 395
3403 396
3403 397
3403 398
3403 399
3403 400
3403 2448
3403 2449
3403 2450
3403 2451
3403 2452
3403 2453
3403 2454
3403 2455
3404 393
3404 394
3404 395
3404 396
3404 397
3404 398
3404 399
3404 400
3404 401
3404 402
3404 2449
3404 2450
3404 2451
3404 2452
3404 2453
3404 2454
3404 2455
3404 2456
3405 394
3405 395
3405 396
3405 397
3405 398
3405 399
3405 400
3405 401
3405 402
3405 403
3405 404
3405 2449
3405 2450
3405 2451
3405 2452
3405 2453
3405 2454
3405 2455
3405 2456
3406 394
3406 395
3406 396
3406 397
3406 398
3406 399
3406 400
3406 401
3406 402
3406 403
3406 404
3406 405
3406 2450
3406 2451
3406 2452
3406 2453
3406 2454
3406 2455
3406 2456
3406 2457
3407 395
3407 396
3407 397
3407 398
3407 399
3407 400
3407 401
3407 402
3407 403
3407 404
3407 405
3407 406
3407 2450
3407 2451
3407 2452
3407 2453
3407 2454
3407 2455
3407 2456
3407 2457
3408 396
3408 397
3408 398
3408 399
3408 400
3408 401
3408 402
3408 403
3408 404
3408 405
3408 406
3408 407
3408 408
3408 2450
3408 2451
3408 2452
3408 2453
3408 2454
3408 2455
3408 2456
3408 2457
3408 2458
3409 396
3409 397
3409 398
3409 399
3409 400
3409 401
3409 402
3409 403
3409 404
3409 405
3409 406
3409 407
3409 408
3409 2451
3409 2452
3409 2453
3409 2454
3409 2455
3409 2456
3409 2457
3409 2458
3409 2459
3410 397
3410 398
3410 399
3410 400
3410 401
3410 402
3410 403
3410 404
3410 405
3410 406
3410 407
3410 408
3410 409
3410 410
3410 2451
3410 2452
3410 2453
3410 2454
3410 2455
3410 2456
3410 2457
3410 2458
3410 2459
3411 397
3411 398
3411 399
3411 400
3411 401
3411 402
3411 403
3411 404
3411 405
3411 406
3411 407
3411 408
3411 409
3411 410
3411 2452
3411 2453
3411 2454
3411 2455
3411 2456
3411 2457
3411 2458
3411 2459
3411 2460
3412 398
3412 399
3412 400
3412 401
3412 402
3412 403
3412 404
3412 405
3412 406
3412 407
3412 408
3412 409
3412 410
3412 411
3412 2452
3412 2453
3412 2454
3412 2455
3412 2456
3412 2457
3412 2458
3412 2459
3412 2460
3413 399
3413 400
3413 401
3413 402
3413 403
3413 404
3413 405
3413 406
3413 407
3413 408
3413 409
3413 410
3413 411
3413 412
3413 2453
3413 2454
3413 2455
3413 2456
3413 2457
3413 2458
3413 2459
3413 2460
3413 2461
3414 400
3414 401
3414 402
3414 403
3414 404
3414 405
3414 406
3414 407
3414 408
3414 409
3414 410
3414 411
3414 412
3414 2454
3414 2455
3414 2456
3414 2457
3414 2458
3414 2459
3414 2460
3414 2461
3414 2462
3415 402
3415 403
3415 404
3415 405
3415 406
3415 407
3415 408
3415 409
3415 410
3415 411
3415 412
3415 413
3415 414
3415 2454
3415 2455
3415 2456
3415 2457
3415 2458
3415 2459
3415 2460
3415 2461
3415 2462
3416 403
3416 404
3416 405
3416 406
3416 407
3416 408
3416 409
3416 410
3416 411
3416 412
3416 413
3416 414
3416 2455
3416 2456
3416 2457
3416 2458
3416 2459
3416 2460
3416 2461
3416 2462
3416 2463
3417 405
3417 406
3417 407
3417 408
3417 409
3417 410
3417 411
3417 412
3417 413
3417 414
3417 415
3417 2456
3417 2457
3417 2458
3417 2459
3417 2460
3417 2461
3417 2462
3417 2463
3418 407
3418 408
3418 409
3418 410
3418 411
3418 412
3418 413
3418 414
3418 415
3418 416
3418 2457
3418 2458
3418 2459
3418 2460
3418 2461
3418 2462
3419 409
3419 410
3419 411
3419 412
3419 413
3419 414
3419 415
3419 416
3419 2459
3419 2460
3420 411
3420 412
3420 413
3420 414
3420 415
3420 416
3420 417
3421 413
3421 414
3421 415
3421 416
3421 417
3421 418
3422 414
3422 415
3422 416
3422 417
3422 418
3422 419
3423 416
3423 417
3423 418
3423 419
3423 420
3424 416
3424 417
3424 418
3424 419
3424 420
3424 421
3425 417
3425 418
3425 419
3425 420
3425 421
3425 422
3426 418
3426 419
3426 420
3426 421
3426 422
3427 419
3427 420
3427 421
3427 422
3427 423
3428 420
3428 421
3428 422
3428 423
3428 424
3428 425
3429 421
3429 422
3429 423
3429 424
3429 425
3429 426
3430 422
3430 423
3430 424
3430 425
3430 426
3430 427
3430 428
3430 429
3431 423
3431 424
3431 425
3431 426
3431 427
3431 428
3431 429
3431 430
3432 424
3432 425
3432 426
3432 427
3432 428
3432 429
3432 430
3432 431
3432 432
3433 425
3433 426
3433 427
3433 428
3433 429
3433 430
3433 431
3433 432
3434 427
3434 428
3434 429
3434 430
3434 431
3434 432
3434 433
3435 428
3435 429
3435 430
3435 431
3435 432
3435 433
3436 430
3436 431
3436 432
3436 433
3436 434
3437 431
3437 432
3437 433
3437 434
3437 435
3438 433
3438 434
3438 435
3438 436
3439 434
3439 435
3439 436
3439 437
3440 436
3440 437
3440 438
3441 437
3441 438
3441 439
3442 438
3442 439
3442 440
3443 439
3443 440
3443 441
3444 440
3444 441
3444 442
3444 443
3445 441
3445 442
3445 443
3445 444
3446 441
3446 442
3446 443
3446 444
3446 445
3447 442
3447 443
3447 444
3447 445
3447 446
3448 443
3448 444
3448 445
3448 446
3448 447
3449 444
3449 445
3449 446
3449 447
3450 446
3450 447
3450 448
3451 447
3451 448
3451 449
3451 450
3452 448
3452 449
3452 450
3452 451
3453 448
3453 449
3453 450
3453 451
3453 452
3454 449
3454 450
3454 451
3454 452
3454 453
3455 450
3455 451
3455 452
3455 453
3455 454
3456 451
3456 452
3456 453
3456 454
3456 455
3457 452
3457 453
3457 454
3457 455
3457 456
3458 453
3458 454
3458 455
3458 456
3458 457
3459 455
3459 456
3459 457
3459 458
3460 455
3460 456
3460 457
3460 458
3460 459
3461 456
3461 457
3461 458
3461 459
3461 460
3462 457
3462 458
3462 459
3462 460
3462 461
3463 458
3463 459
3463 460
3463 461
3463 462
3464 460
3464 461
3464 462
3464 463
3465 461
3465 462
3465 463
3465 464
3466 462
3466 463
3466 464
3466 465
3467 463
3467 464
3467 465
3467 466
3468 464
3468 465
3468 466
3468 467
3469 465
3469 466
3469 467
3469 468
3470 467
3470 468
3470 469
3471 468
3471 469
3471 470
3472 469
3472 470
3472 471
3473 471
3473 472
3473 473
3474 472
3474 473
3474 474
3475 474
3475 475
3476 475
3476 476
3477 476
3477 477
3477 478
3478 477
3478 478
3478 479
3479 479
3479 480
3480 480
3480 481
3481 482
3481 483
3482 483
3482 484
3483 484
3483 485
3483 486
3484 485
3484 486
3484 487
3485 487
3485 488
3486 488
3486 489
3487 489
3487 490
3488 491
3488 492
3489 493
3490 494
3491 495
3493 498
3494 499
3494 500
3495 499
3495 500
3495 501
3495 502
3496 500
3496 501
3496 502
3496 503
3497 501
3497 502
3497 503
3497 504
3498 502
3498 503
3498 504
3498 505
3499 504
3499 505
3499 506
3499 507
3500 505
3500 506
3500 507
3500 508
3501 506
3501 507
3501 508
3501 509
3502 508
3502 509
3502 510
3502 511
3503 509
3503 510
3503 511
3503 512
3504 510
3504 511
3504 512
3504 513
3505 512
3505 513
3505 514
3505 515
3506 513
3506 514
3506 515
3506 516
3506 517
3507 514
3507 515
3507 516
3507 517
3507 518
3508 515
3508 516
3508 517
3508 518
3508 519
3508 520
3509 516
3509 517
3509 518
3509 519
3509 520
3509 521
3509 522
3510 518
3510 519
3510 520
3510 521
3510 522
3510 523
3510 524
3511 519
3511 520
3511 521
3511 522
3511 523
3511 524
3511 525
3511 526
3512 519
3512 520
3512 521
3512 522
3512 523
3512 524
3512 525
3512 526
3512 527
3512 528
3512 529
3513 520
3513 521
3513 522
3513 523
3513 524
3513 525
3513 526
3513 527
3513 528
3513 529
3513 530
3513 531
3514 521
3514 522
3514 523
3514 524
3514 525
3514 526
3514 527
3514 528
3514 529
3514 530
3514 531
3514 532
3514 533
3515 522
3515 523
3515 524
3515 525
3515 526
3515 527
3515 528
3515 529
3515 530
3515 531
3515 532
3515 533
3515 534
3515 535
3515 536
3515 537
3516 523
3516 524
3516 525
3516 526
3516 527
3516 528
3516 529
3516 530
3516 531
3516 532
3516 533
3516 534
3516 535
3516 536
3516 537
3516 538
3516 539
3516 540
3516 541
3516 542
3516 543
3516 544
3516 545
3516 546
3516 547
3516 548
3516 549
3516 550
3516 551
3516 552
3516 553
3516 554
3516 555
3516 556
3516 557
3516 558
3516 559
3516 561
3516 562
3517 524
3517 525
3517 526
3517 527
3517 528
3517 529
3517 530
3517 531
3517 532
3517 533
3517 534
3517 535
3517 536
3517 537
3517 538
3517 539
3517 540
3517 541
3517 542
3517 543
3517 544
3517 545
3517 546
3517 547
3517 548
3517 549
3517 550
3517 551
3517 552
3517 553
3517 554
3517 555
3517 556
3517 557
3517 558
3517 559
3517 560
3517 561
3517 562
3517 563
3518 525
3518 526
3518 527
3518 528
3518 529
3518 530
3518 531
3518 532
3518 533
3518 534
3518 535
3518 536
3518 537
3518 538
3518 539
3518 540
3518 541
3518 542
3518 543
3518 544
3518 545
3518 546
3518 547
3518 548
3518 549
3518 550
3518 551
3518 552
3518 553
3518 554
3518 555
3518 556
3518 557
3518 558
3518 559
3518 560
3518 561
3518 562
3518 563
3518 564
3518 565
3518 566
3518 567
3519 526
3519 527
3519 528
3519 529
3519 530
3519 531
3519 532
3519 533
3519 534
3519 535
3519 536
3519 537
3519 538
3519 539
3519 540
3519 541
3519 542
3519 543
3519 544
3519 545
3519 546
3519 547
3519 548
3519 549
3519 550
3519 551
3519 552
3519 553
3519 554
3519 555
3519 556
3519 557
3519 558
3519 559
3519 560
3519 561
3519 562
3519 563
3519 564
3519 565
3519 566
3519 567
3519 568
3519 569
3520 527
3520 528
3520 529
3520 530
3520 531
3520 532
3520 533
3520 534
3520 535
3520 536
3520 537
3520 538
3520 539
3520 540
3520 541
3520 542
3520 543
3520 544
3520 545
3520 546
3520 547
3520 548
3520 549
3520 550
3520 551
3520 552
3520 553
3520 554
3520 555
3520 556
3520 557
3520 558
3520 559
3520 560
3520 561
3520 562
3520 563
3520 564
3520 565
3520 566
3520 567
3520 568
3520 569
3521 527
3521 528
3521 529
3521 530
3521 531
3521 532
3521 533
3521 534
3521 535
3521 536
3521 537
3521 538
3521 539
3521 540
3521 541
3521 542
3521 543
3521 544
3521 545
3521 546
3521 547
3521 548
3521 549
3521 550
3521 551
3521 552
3521 553
3521 554
3521 555
3521 556
3521 557
3521 558
3521 559
3521 560
3521 561
3521 562
3521 563
3521 564
3521 565
3521 566
3521 567
3521 568
3521 569
3521 570
3522 528
3522 529
3522 530
3522 531
3522 532
3522 533
3522 534
3522 535
3522 536
3522 537
3522 538
3522 539
3522 540
3522 541
3522 542
3522 543
3522 544
3522 545
3522 546
3522 547
3522 548
3522 549
3522 550
3522 551
3522 552
3522 553
3522 554
3522 555
3522 556
3522 557
3522 558
3522 559
3522 560
3522 561
3522 562
3522 563
3522 564
3522 565
3522 566
3522 567
3522 568
3522 569
3522 570
3522 571
3522 572
3523 529
3523 530
3523 531
3523 532
3523 533
3523 534
3523 535
3523 536
3523 537
3523 538
3523 539
3523 540
3523 541
3523 542
3523 543
3523 544
3523 545
3523 546
3523 547
3523 548
3523 549
3523 550
3523 551
3523 552
3523 553
3523 554
3523 555
3523 556
3523 557
3523 558
3523 559
3523 560
3523 561
3523 562
3523 563
3523 564
3523 565
3523 566
3523 567
3523 568
3523 569
3523 570
3523 571
3523 572
3524 530
3524 531
3524 532
3524 533
3524 534
3524 535
3524 536
3524 537
3524 538
3524 539
3524 540
3524 541
3524 542
3524 543
3524 544
3524 545
3524 546
3524 547
3524 548
3524 549
3524 550
3524 551
3524 552
3524 553
3524 554
3524 555
3524 556
3524 557
3524 558
3524 559
3524 560
3524 561
3524 562
3524 563
3524 564
3524 565
3524 566
3524 567
3524 568
3524 569
3524 570
3524 571
3524 572
3524 573
3525 530
3525 531
3525 532
3525 533
3525 534
3525 535
3525 536
3525 537
3525 538
3525 539
3525 540
3525 541
3525 542
3525 543
3525 544
3525 545
3525 546
3525 547
3525 548
3525 549
3525 550
3525 551
3525 552
3525 553
3525 554
3525 555
3525 556
3525 557
3525 558
3525 559
3525 560
3525 561
3525 562
3525 563
3525 564
3525 565
3525 566
3525 567
3525 568
3525 569
3525 570
3525 571
3525 572
3525 573
3526 531
3526 532
3526 533
3526 534
3526 535
3526 536
3526 537
3526 538
3526 539
3526 540
3526 541
3526 542
3526 543
3526 544
3526 545
3526 546
3526 547
3526 548
3526 549
3526 550
3526 551
3526 552
3526 553
3526 554
3526 555
3526 556
3526 557
3526 558
3526 559
3526 560
3526 561
3526 562
3526 563
3526 564
3526 565
3526 566
3526 567
3526 568
3526 569
3526 570
3526 571
3526 572
3526 573
3526 574
3527 533
3527 534
3527 535
3527 536
3527 537
3527 538
3527 539
3527 540
3527 541
3527 542
3527 543
3527 544
3527 545
3527 546
3527 547
3527 548
3527 549
3527 550
3527 551
3527 552
3527 553
3527 554
3527 555
3527 556
3527 557
3527 558
3527 559
3527 560
3527 561
3527 562
3527 563
3527 564
3527 565
3527 566
3527 567
3527 568
3527 569
3527 570
3527 571
3527 572
3527 573
3527 574
3528 533
3528 534
3528 535
3528 536
3528 537
3528 538
3528 539
3528 540
3528 541
3528 542
3528 543
3528 544
3528 545
3528 546
3528 547
3528 548
3528 549
3528 550
3528 551
3528 552
3528 553
3528 554
3528 555
3528 556
3528 557
3528 558
3528 559
3528 560
3528 561
3528 562
3528 563
3528 564
3528 565
3528 566
3528 567
3528 568
3528 569
3528 570
3528 571
3528 572
3528 573
3528 574
3529 535
3529 536
3529 537
3529 538
3529 539
3529 540
3529 541
3529 542
3529 543
3529 544
3529 545
3529 546
3529 547
3529 548
3529 549
3529 550
3529 551
3529 552
3529 553
3529 554
3529 555
3529 556
3529 557
3529 558
3529 559
3529 560
3529 561
3529 562
3529 563
3529 564
3529 565
3529 566
3529 567
3529 568
3529 569
3529 570
3529 571
3529 572
3529 573
3529 574
3529 575
3530 535
3530 536
3530 537
3530 538
3530 539
3530 540
3530 541
3530 542
3530 543
3530 544
3530 545
3530 546
3530 547
3530 548
3530 549
3530 550
3530 551
3530 552
3530 553
3530 554
3530 555
3530 556
3530 557
3530 558
3530 559
3530 560
3530 561
3530 562
3530 563
3530 564
3530 565
3530 566
3530 567
3530 568
3530 569
3530 570
3530 571
3530 572
3530 573
3530 574
3530 575
3531 538
3531 539
3531 540
3531 541
3531 542
3531 543
3531 544
3531 545
3531 546
3531 547
3531 548
3531 549
3531 550
3531 551
3531 552
3531 553
3531 554
3531 555
3531 556
3531 557
3531 558
3531 559
3531 560
3531 561
3531 562
3531 563
3531 564
3531 565
3531 566
3531 567
3531 568
3531 569
3531 570
3531 571
3531 572
3531 573
3531 574
3531 575
3532 543
3532 544
3532 551
3532 553
3532 554
3532 555
3532 556
3532 557
3532 558
3532 559
3532 560
3532 561
3532 562
3532 563
3532 564
3532 565
3532 566
3532 567
3532 568
3532 569
3532 570
3532 571
3532 572
3532 573
3532 574
3532 575
3532 576
3533 560
3533 561
3533 562
3533 563
3533 564
3533 565
3533 566
3533 567
3533 568
3533 569
3533 570
3533 571
3533 572
3533 573
3533 574
3533 575
3533 576
3533 577
3534 564
3534 565
3534 566
3534 567
3534 568
3534 569
3534 570
3534 571
3534 572
3534 573
3534 574
3534 575
3534 576
3534 577
3535 566
3535 567
3535 568
3535 569
3535 570
3535 571
3535 572
3535 573
3535 574
3535 575
3535 576
3535 577
3536 568
3536 569
3536 570
3536 571
3536 572
3536 573
3536 574
3536 575
3536 576
3536 577
3536 578
3537 570
3537 571
3537 572
3537 573
3537 574
3537 575
3537 576
3537 577
3537 578
3538 573
3538 574
3538 575
3538 576
3538 577
3538 578
3538 579
3539 575
3539 576
3539 577
3539 578
3539 579
3539 580
3540 576
3540 577
3540 578
3540 579
3540 580
3540 581
3541 578
3541 579
3541 580
3541 581
3541 582
3542 579
3542 580
3542 581
3542 582
3542 583
3543 580
3543 581
3543 582
3543 583
3543 584
3544 581
3544 582
3544 583
3544 584
3544 585
3545 582
3545 583
3545 584
3545 585
3545 586
3546 583
3546 584
3546 585
3546 586
3546 587
3546 588
3547 584
3547 585
3547 586
3547 587
3547 588
3547 589
3548 585
3548 586
3548 587
3548 588
3548 589
3548 590
3549 586
3549 587
3549 588
3549 589
3549 590
3549 591
3550 587
3550 588
3550 589
3550 590
3550 591
3550 592
3551 588
3551 589
3551 590
3551 591
3551 592
3551 593
3552 589
3552 590
3552 591
3552 592
3552 593
3552 594
3553 590
3553 591
3553 592
3553 593
3553 594
3553 595
3554 591
3554 592
3554 593
3554 594
3554 595
3554 596
3555 593
3555 594
3555 595
3555 596
3555 597
3556 594
3556 595
3556 596
3556 597
3556 598
3557 595
3557 596
3557 597
3557 598
3557 599
3558 596
3558 597
3558 598
3558 599
3558 600
3559 597
3559 598
3559 599
3559 600
3559 601
3560 599
3560 600
3560 601
3560 602
3560 603
3561 600
3561 601
3561 602
3561 603
3561 604
3562 601
3562 602
3562 603
3562 604
3562 605
3563 602
3563 603
3563 604
3563 605
3563 606
3564 603
3564 604
3564 605
3564 606
3564 607
3565 604
3565 605
3565 606
3565 607
3565 608
3566 606
3566 607
3566 608
3566 609
3567 607
3567 608
3567 609
3567 610
3568 608
3568 609
3568 610
3568 611
3569 609
3569 610
3569 611
3569 612
3570 610
3570 611
3570 612
3570 613
3571 612
3571 613
3571 614
3571 615
3572 613
3572 614
3572 615
3572 616
3573 614
3573 615
3573 616
3573 617
3574 616
3574 617
3574 618
3575 617
3575 618
3575 619
3576 618
3576 619
3576 620
3577 619
3577 620
3577 621
3578 620
3578 621
3578 622
3579 622
3579 623
3580 623
3580 624
3581 624
3581 625
3581 626
3582 625
3582 626
3582 627
3583 626
3583 627
3583 628
3584 628
3584 629
3585 629
3585 630
3586 630
3586 631
3587 631
3587 632
3588 632
3588 633
3589 634
3589 635
3590 635
3590 636
3591 636
3591 637
3592 637
3592 638
3593 638
3593 639
3593 640
3594 639
3594 640
3594 641
3595 640
3595 641
3595 642
3596 641
3596 642
3596 643
3597 643
3597 644
3598 644
3598 645
3599 645
3599 646
3600 646
3600 647
3600 648
3601 648
3601 649
3602 649
3602 650
3603 650
3603 651
3603 652
3604 651
3604 652
3604 653
3605 652
3605 653
3605 654
3606 654
3606 655
3606 656
3607 655
3607 656
3607 657
3608 656
3608 657
3608 658
3609 657
3609 658
3609 659
3609 660
3610 658
3610 659
3610 660
3610 661
3611 660
3611 661
3611 662
3612 661
3612 662
3612 663
3613 662
3613 663
3613 664
3614 664
3614 665
3615 665
3615 666
3616 666
3616 667
3616 668
3617 667
3617 668
3617 669
3618 668
3618 669
3618 670
3618 671
3619 669
3619 670
3619 671
3619 672
3620 670
3620 671
3620 672
3620 673
3621 672
3621 673
3621 674
3622 673
3622 674
3622 675
3623 674
3623 675
3623 676
3624 675
3624 676
3624 677
3624 678
3625 677
3625 678
3625 679
3626 678
3626 679
3626 680
3627 679
3627 680
3627 681
3628 680
3628 681
3628 682
3629 681
3629 682
3629 683
3630 682
3630 683
3630 684
3631 684
3631 685
3632 685
3632 686
3632 687
3633 686
3633 687
3633 688
3634 688
3634 689
3635 689
3635 690
3636 690
3636 691
3637 691
3637 692
3638 692
3638 693
3638 694
3639 693
3639 694
3639 695
3640 694
3640 695
3640 696
3640 697
3641 695
3641 696
3641 697
3641 698
3642 696
3642 697
3642 698
3642 699
3643 697
3643 698
3643 699
3643 700
3643 701
3644 698
3644 699
3644 700
3644 701
3644 702
3644 703
3645 699
3645 700
3645 701
3645 702
3645 703
3645 704
3646 700
3646 701
3646 702
3646 703
3646 704
3646 705
3647 701
3647 702
3647 703
3647 704
3647 705
3647 706
3648 702
3648 703
3648 704
3648 705
3648 706
3648 707
3649 703
3649 704
3649 705
3649 706
3649 707
3649 708
3650 704
3650 705
3650 706
3650 707
3650 708
3650 709
3650 710
3651 705
3651 706
3651 707
3651 708
3651 709
3651 710
3651 711
3652 706
3652 707
3652 708
3652 709
3652 710
3652 711
3652 712
3653 707
3653 708
3653 709
3653 710
3653 711
3653 712
3653 713
3653 714
3654 708
3654 709
3654 710
3654 711
3654 712
3654 713
3654 714
3654 715
3655 709
3655 710
3655 711
3655 712
3655 713
3655 714
3655 715
3655 716
3655 717
3656 710
3656 711
3656 712
3656 713
3656 714
3656 715
3656 716
3656 717
3656 718
3657 712
3657 713
3657 714
3657 715
3657 716
3657 717
3657 718
3657 719
3657 720
3658 713
3658 714
3658 715
3658 716
3658 717
3658 718
3658 719
3658 720
3658 721
3659 714
3659 715
3659 716
3659 717
3659 718
3659 719
3659 720
3659 721
3659 722
3659 723
3660 715
3660 716
3660 717
3660 718
3660 719
3660 720
3660 721
3660 722
3660 723
3660 724
3660 725
3661 716
3661 717
3661 718
3661 719
3661 720
3661 721
3661 722
3661 723
3661 724
3661 725
3661 726
3662 717
3662 718
3662 719
3662 720
3662 721
3662 722
3662 723
3662 724
3662 725
3662 726
3662 727
3662 728
3663 719
3663 720
3663 721
3663 722
3663 723
3663 724
3663 725
3663 726
3663 727
3663 728
3663 729
3663 730
3663 731
3664 720
3664 721
3664 722
3664 723
3664 724
3664 725
3664 726
3664 727
3664 728
3664 729
3664 730
3664 731
3665 721
3665 722
3665 723
3665 724
3665 725
3665 726
3665 727
3665 728
3665 729
3665 730
3665 731
3666 723
3666 724
3666 725
3666 726
3666 727
3666 728
3666 729
3666 730
3666 731
3666 732
3667 724
3667 725
3667 726
3667 727
3667 728
3667 729
3667 730
3667 731
3668 725
3668 726
3668 727
3668 728
3668 729
3668 730
3668 731
3669 727
3669 728
3669 729
3669 730
3669 731
3670 728
3670 729
3670 730
3670 731
3671 730
3671 731
3672 730
3672 731
3672 732
3673 732
3694 754
3695 755
3707 766
3707 767
3707 768
3708 767
3708 768
3708 769
3709 768
3709 769
3709 770
3710 770
3710 771
3711 771
3711 772
3712 773
3713 774
3714 775
3715 776
3715 777
3716 777
3716 778
3717 778
3717 779
3718 779
3718 780
3719 780
3719 781
3720 781
3720 782
3720 783
3721 783
3721 784
3722 784
3722 785
3723 785
3723 786
3724 786
3724 787
3725 787
3725 788
3726 789
3727 790
3727 791
3728 791
3728 792
3729 792
3729 793
3730 793
3730 794
3731 794
3731 795
3732 796
3733 797
3734 798
3734 799
3735 799
3735 800
3736 800
3736 801
3737 802
3738 803
3739 804
3739 805
3740 805
3740 806
3741 806
3741 807
3742 808
3743 809
3743 810
3744 809
3744 810
3744 811
3744 812
3745 810
3745 811
3745 812
3745 813
3746 811
3746 812
3746 813
3746 814
3746 815
3747 812
3747 813
3747 814
3747 815
3747 816
3748 813
3748 814
3748 815
3748 816
3748 817
3749 815
3749 816
3749 817
3749 818
3749 819
3750 815
3750 816
3750 817
3750 818
3750 819
3750 820
3751 817
3751 818
3751 819
3751 820
3751 821
3751 822
3752 818
3752 819
3752 820
3752 821
3752 822
3753 819
3753 820
3753 821
3753 822
3753 823
3753 824
3754 820
3754 821
3754 822
3754 823
3754 824
3754 825
3754 826
3755 822
3755 823
3755 824
3755 825
3755 826
3755 827
3756 823
3756 824
3756 825
3756 826
3756 827
3756 828
3756 829
3757 824
3757 825
3757 826
3757 827
3757 828
3757 829
3757 830
3758 824
3758 825
3758 826
3758 827
3758 828
3758 829
3758 830
3758 831
3759 826
3759 827
3759 828
3759 829
3759 830
3759 831
3759 832
3760 827
3760 828
3760 829
3760 830
3760 831
3760 832
3760 833
3761 829
3761 830
3761 831
3761 832
3761 833
3761 834
3761 835
3762 830
3762 831
3762 832
3762 833
3762 834
3762 835
3762 836
3763 832
3763 833
3763 834
3763 835
3763 836
3763 837
3764 833
3764 834
3764 835
3764 836
3764 837
3764 838
3764 839
3765 835
3765 836
3765 837
3765 838
3765 839
3765 840
3766 836
3766 837
3766 838
3766 839
3766 840
3766 841
3767 838
3767 839
3767 840
3767 841
3767 842
3767 843
3768 840
3768 841
3768 842
3768 843
3768 844
3769 841
3769 842
3769 843
3769 844
3769 845
3769 846
3770 843
3770 844
3770 845
3770 846
3770 847
3771 844
3771 845
3771 846
3771 847
3771 848
3772 846
3772 847
3772 848
3772 849
3772 850
3773 847
3773 848
3773 849
3773 850
3773 851
3774 849
3774 850
3774 851
3774 852
3775 850
3775 851
3775 852
3775 853
3776 852
3776 853
3776 854
3776 855
3777 853
3777 854
3777 855
3777 856
3778 855
3778 856
3778 857
3779 856
3779 857
3779 858
3779 859
3780 858
3780 859
3780 860
3780 861
3781 858
3781 859
3781 860
3781 861
3781 862
3782 859
3782 860
3782 861
3782 862
3782 863
3783 860
3783 861
3783 862
3783 863
3783 864
3783 865
3784 861
3784 862
3784 863
3784 864
3784 865
3784 866
3785 863
3785 864
3785 865
3785 866
3785 867
3786 864
3786 865
3786 866
3786 867
3786 868
3786 869
3787 865
3787 866
3787 867
3787 868
3787 869
3787 870
3788 866
3788 867
3788 868
3788 869
3788 870
3788 871
3789 868
3789 869
3789 870
3789 871
3789 872
3790 869
3790 870
3790 871
3790 872
3790 873
3791 871
3791 872
3791 873
3791 874
3792 872
3792 873
3792 874
3792 875
3793 874
3793 875
3793 876
3794 875
3794 876
3794 877
3795 876
3795 877
3795 878
3795 879
3796 878
3796 879
3796 880
3797 879
3797 880
3797 881
3798 880
3798 881
3798 882
3799 882
3799 883
3800 883
3800 884
3801 884
3801 885
3802 885
3802 886
3803 886
3803 887
3804 887
3804 888
3804 889
3805 889
3805 890
3806 890
3806 891
3807 891
3807 892
3808 892
3808 893
3809 894
3810 895
3811 896
3812 898
3813 899
3814 900
3815 901
3816 902
3816 903
3817 903
3817 904
3818 904
3818 905
3819 906
3820 907
3820 908
3821 908
3821 909
3822 909
3822 910
3823 910
3823 911
3823 912
3824 911
3824 912
3824 913
3825 912
3825 913
3825 914
3826 913
3826 914
3826 915
3826 916
3827 915
3827 916
3827 917
3828 916
3828 917
3828 918
3829 917
3829 918
3829 919
3830 919
3830 920
3830 921
3831 920
3831 921
3831 922
3832 921
3832 922
3832 923
3833 923
3833 924
3833 925
3834 924
3834 925
3834 926
3835 926
3835 927
3836 927
3836 928
3836 929
3837 929
3837 930
3837 931
3838 930
3838 931
3838 932
3838 933
3839 932
3839 933
3839 934
3840 934
3840 935
3840 936
3841 936
3841 937
3842 937
3842 938
3842 939
3843 939
3843 940
3843 941
3844 941
3844 942
4451 2
4452 2
4452 3
4453 3
4453 4
4454 4
4454 5
4455 5
4455 6
4456 6
4456 7
4457 8
4458 9
4459 9
4459 10
4460 10
4460 11
4461 11
4461 12
4462 12
4462 13
4463 13
4463 14
4463 15
4464 15
4464 16
4465 16
4466 17
4467 18
4468 19
4469 20
4469 21
4470 21
4470 22
4471 22
4471 23
4472 23
4472 24
4473 24
4473 25
4474 25
4474 26
4475 26
4475 27
4476 27
4476 28
4477 28
4477 29
4478 29
4478 30
4478 31
4479 30
4479 31
4479 32
4480 30
4480 31
4480 32
4480 33
4481 31
4481 32
4481 33
4481 34
4482 32
4482 33
4482 34
4482 35
4483 33
4483 34
4483 35
4483 36
4484 35
4484 36
4484 37
4484 38
4485 36
4485 37
4485 38
4485 39
4486 36
4486 37
4486 38
4486 39
4486 40
4487 38
4487 39
4487 40
4487 41
4488 39
4488 40
4488 41
4488 42
4489 40
4489 41
4489 42
4489 43
4490 41
4490 42
4490 43
4490 44
4491 42
4491 43
4491 44
4491 45
4492 43
4492 44
4492 45
4492 46
4493 44
4493 45
4493 46
4493 47
4494 46
4494 47
4494 48
4495 47
4495 48
4495 49
4496 48
4496 49
4496 50
4497 49
4497 50
4497 51
4498 50
4498 51
4498 52
4498 53
4499 51
4499 52
4499 53
4499 54
4500 52
4500 53
4500 54
4500 55
4501 54
4501 55
4501 56
4502 55
4502 56
4502 57
4503 56
4503 57
4503 58
4503 59
4504 57
4504 58
4504 59
4504 60
4505 58
4505 59
4505 60
4505 61
4506 59
4506 60
4506 61
4506 62
4507 61
4507 62
4507 63
4507 64
4508 62
4508 63
4508 64
4508 65
4509 63
4509 64
4509 65
4509 66
4509 67
4510 64
4510 65
4510 66
4510 67
4510 68
4511 65
4511 66
4511 67
4511 68
4511 69
4511 70
4512 67
4512 68
4512 69
4512 70
4512 71
4513 68
4513 69
4513 70
4513 71
4513 72
4513 73
4514 69
4514 70
4514 71
4514 72
4514 73
4514 74
4515 70
4515 71
4515 72
4515 73
4515 74
4515 75
4515 76
4516 72
4516 73
4516 74
4516 75
4516 76
4516 77
4516 78
4517 73
4517 74
4517 75
4517 76
4517 77
4517 78
4517 79
4518 75
4518 76
4518 77
4518 78
4518 79
4518 80
4518 81
4519 77
4519 78
4519 79
4519 80
4519 81
4519 82
4519 83
4520 78
4520 79
4520 80
4520 81
4520 82
4520 83
4520 84
4520 85
4521 80
4521 81
4521 82
4521 83
4521 84
4521 85
4521 86
4522 82
4522 83
4522 84
4522 85
4522 86
4522 87
4522 88
4522 89
4523 84
4523 85
4523 86
4523 87
4523 88
4523 89
4523 90
4524 86
4524 87
4524 88
4524 89
4524 90
4524 91
4524 92
4525 89
4525 90
4525 91
4525 92
4525 93
4525 94
4525 95
4526 91
4526 92
4526 93
4526 94
4526 95
4526 96
4527 94
4527 95
4527 96
4527 97
4527 98
4528 96
4528 97
4528 98
4528 99
4529 98
4529 99
4529 100
