1327 569
1328 570
1328 571
1329 570
1329 571
1329 572
1330 571
1330 572
1330 573
1331 572
1331 573
1331 574
1332 573
1332 574
1332 575
1333 574
1333 575
1333 576
1334 575
1334 576
1334 577
1335 576
1335 577
1335 578
1336 577
1336 578
1336 579
1337 578
1337 579
1337 580
1338 579
1338 580
1338 581
1339 580
1339 581
1339 582
1340 581
1340 582
1340 583
1341 582
1341 583
1341 584
1342 583
1342 584
1342 585
1343 584
1343 585
1343 586
1344 585
1344 586
1344 587
1345 586
1345 587
1345 588
1346 587
1346 588
1346 589
1347 588
1347 589
1347 590
1348 589
1348 590
1348 591
1349 590
1349 591
1349 592
1350 592
1350 593
1351 593
1351 594
1352 594
1352 595
1353 595
1353 596
1354 596
1354 597
1355 597
1355 598
1356 598
1356 599
1357 599
1357 600
1358 600
1358 601
1358 602
1359 601
1359 602
1359 603
1360 602
1360 603
1360 604
1361 603
1361 604
1361 605
1362 604
1362 605
1362 606
1363 605
1363 606
1363 607
1364 606
1364 607
1364 608
1365 607
1365 608
1365 609
1366 608
1366 609
1366 610
1366 611
1367 609
1367 610
1367 611
1367 612
1368 610
1368 611
1368 612
1368 613
1369 610
1369 611
1369 612
1369 613
1369 614
1370 612
1370 613
1370 614
1370 615
1371 613
1371 614
1371 615
1371 616
1372 614
1372 615
1372 616
1372 617
1373 615
1373 616
1373 617
1373 618
1374 616
1374 617
1374 618
1374 619
1375 617
1375 618
1375 619
1375 620
1376 618
1376 619
1376 620
1376 621
1377 619
1377 620
1377 621
1377 622
1378 621
1378 622
1378 623
1379 622
1379 623
1379 624
1380 623
1380 624
1380 625
1381 624
1381 625
1381 626
1382 625
1382 626
1382 627
1383 626
1383 627
1383 628
1384 627
1384 628
1384 629
1385 628
1385 629
1385 630
1386 629
1386 630
1386 631
1387 630
1387 631
1387 632
1388 631
1388 632
1388 633
1389 632
1389 633
1389 634
1390 633
1390 634
1390 635
1390 636
1391 634
1391 635
1391 636
1391 637
1392 635
1392 636
1392 637
1392 638
1393 636
1393 637
1393 638
1393 639
1394 637
1394 638
1394 639
1394 640
1395 638
1395 639
1395 640
1395 641
1396 639
1396 640
1396 641
1396 642
1397 640
1397 641
1397 642
1397 643
1398 641
1398 642
1398 643
1398 644
1399 643
1399 644
1399 645
1399 646
1400 644
1400 645
1400 646
1400 647
1401 644
1401 645
1401 646
1401 647
1401 648
1402 646
1402 647
1402 648
1402 649
1403 647
1403 648
1403 649
1403 650
1404 648
1404 649
1404 650
1404 651
1405 649
1405 650
1405 651
1405 652
1405 653
1406 650
1406 651
1406 652
1406 653
1407 651
1407 652
1407 653
1407 654
1407 655
1408 652
1408 653
1408 654
1408 655
1409 653
1409 654
1409 655
1409 656
1410 655
1410 656
1410 657
1410 658
1411 656
1411 657
1411 658
1411 659
1412 657
1412 658
1412 659
1412 660
1413 658
1413 659
1413 660
1413 661
1414 659
1414 660
1414 661
1414 662
1415 660
1415 661
1415 662
1416 662
1416 663
1417 663
1417 664
1418 664
1418 665
1419 665
1419 666
1420 667
1421 668
1421 669
1422 668
1422 669
1422 670
1422 671
1423 669
1423 670
1423 671
1423 672
1424 670
1424 671
1424 672
1424 673
1425 671
1425 672
1425 673
1425 674
1426 672
1426 673
1426 674
1426 675
1427 673
1427 674
1427 675
1427 676
1428 675
1428 676
1428 677
1429 676
1429 677
1429 678
1430 677
1430 678
1430 679
1430 680
1431 678
1431 679
1431 680
1431 681
1432 678
1432 679
1432 680
1432 681
1432 682
1433 680
1433 681
1433 682
1433 683
1434 680
1434 681
1434 682
1434 683
1434 684
1435 681
1435 682
1435 683
1435 684
1435 685
1436 683
1436 684
1436 685
1436 686
1437 683
1437 684
1437 685
1437 686
1437 687
1437 688
1438 685
1438 686
1438 687
1438 688
1438 689
1439 686
1439 687
1439 688
1439 689
1439 690
1440 687
1440 688
1440 689
1440 690
1440 691
1441 688
1441 689
1441 690
1441 691
1441 692
1442 689
1442 690
1442 691
1442 692
1442 693
1443 690
1443 691
1443 692
1443 693
1443 694
1444 692
1444 693
1444 694
1444 695
1445 693
1445 694
1445 695
1445 696
1446 694
1446 695
1446 696
1446 697
1447 695
1447 696
1447 697
1447 698
1448 696
1448 697
1448 698
1448 699
1449 698
1449 699
1449 700
1450 699
1450 700
1450 701
1451 700
1451 701
1451 702
1452 702
1452 703
1453 703
1453 704
1453 705
1454 704
1454 705
1454 706
1455 705
1455 706
1455 707
1456 706
1456 707
1456 708
1457 708
1457 709
1458 709
1458 710
1459 710
1459 711
1460 711
1460 712
1460 713
1461 712
1461 713
1461 714
1462 713
1462 714
1462 715
1463 714
1463 715
1463 716
1464 715
1464 716
1464 717
1465 717
1465 718
1466 718
1466 719
1467 719
1467 720
1468 721
1469 722
1469 723
1470 723
1470 724
1471 725
1472 726
1473 727
1474 728
1475 729
1476 730
1476 731
1477 731
1477 732
1478 732
1478 733
1478 734
1479 733
1479 734
1479 735
1480 734
1480 735
1480 736
1481 735
1481 736
1481 737
1481 738
1482 736
1482 737
1482 738
1482 739
1483 738
1483 739
1483 740
1484 739
1484 740
1484 741
1485 740
1485 741
1485 742
1486 741
1486 742
1486 743
1487 743
1487 744
1488 743
1488 744
1488 745
1489 745
1489 746
1490 745
1490 746
1490 747
1491 746
1491 747
1491 748
1491 749
1492 747
1492 748
1492 749
1492 750
1493 748
1493 749
1493 750
1493 751
1494 749
1494 750
1494 751
1494 752
1495 750
1495 751
1495 752
1495 753
1496 751
1496 752
1496 753
1496 754
1496 755
1497 752
1497 753
1497 754
1497 755
1497 756
1498 753
1498 754
1498 755
1498 756
1498 757
1499 754
1499 755
1499 756
1499 757
1499 758
1500 755
1500 756
1500 757
1500 758
1501 756
1501 757
1501 758
1501 759
1501 760
1502 757
1502 758
1502 759
1502 760
1502 761
1503 758
1503 759
1503 760
1503 761
1504 759
1504 760
1504 761
1504 762
1505 760
1505 761
1505 762
1505 763
1506 761
1506 762
1506 763
1507 762
1507 763
1507 764
1508 764
1509 765
1542 794
2431 29
2431 30
2432 29
2432 30
2432 31
2433 30
2433 31
2434 31
2434 32
2435 32
2435 33
2436 33
2436 34
2437 34
2437 35
2438 35
2438 36
2439 36
2439 37
2440 37
2440 38
2441 38
2442 39
2443 40
2444 41
2445 42
2446 43
2447 44
2448 45
2449 46
2449 47
2450 47
2450 48
2451 48
2451 49
2452 49
2452 50
2453 51
2454 52
2455 53
2456 54
2456 55
2457 55
2458 56
2458 57
2459 57
2459 58
2460 58
2460 59
2461 59
2461 60
2462 60
2462 61
2463 61
2463 62
2464 62
2464 63
2465 63
2466 64
2467 65
2467 66
2468 66
2468 67
2469 67
2469 68
2470 68
2470 69
2470 70
2471 69
2471 70
2472 70
2472 71
2472 72
2473 71
2473 72
2473 73
2474 72
2474 73
2474 74
2475 73
2475 74
2475 75
2476 74
2476 75
2476 76
2477 75
2477 76
2478 76
2478 77
2479 77
2479 78
2479 79
2480 78
2480 79
2480 80
2481 79
2481 80
2481 81
2482 80
2482 81
2482 82
2483 81
2483 82
2483 83
2484 82
2484 83
2484 84
2485 83
2485 84
2485 85
2486 84
2486 85
2486 86
2487 85
2487 86
2487 87
2488 86
2488 87
2488 88
2489 87
2489 88
2489 89
2490 88
2490 89
2490 90
2491 89
2491 90
2491 91
2492 91
2492 92
2493 92
2493 93
2494 93
2494 94
2495 94
2495 95
2496 95
2496 96
2497 96
2497 97
2498 97
2498 98
2499 98
2499 99
2499 100
2500 99
2500 100
2500 101
2501 101
2501 102
2501 103
2502 103
2503 104
2503 105
2504 105
2504 106
2592 834
2593 834
2593 835
2593 836
2594 835
2594 836
2594 837
2595 837
2595 838
2596 839
2596 840
2597 840
2597 841
2597 842
2598 841
2598 842
2598 843
2599 843
2599 844
2600 844
2600 845
2600 846
2601 845
2601 846
2601 847
2602 847
2602 848
2603 848
2603 849
2604 850
2604 851
2605 851
2605 852
2606 853
2607 854
2607 855
2608 856
2609 857
2610 859
2611 860
2612 861
2613 862
2613 863
