1059 0
1059 1
1059 2
1059 3
1059 4
1059 5
1060 0
1060 1
1060 2
1060 3
1060 4
1060 5
1060 6
1060 7
1061 0
1061 1
1061 2
1061 3
1061 4
1061 5
1061 6
1061 7
1061 8
1061 9
1061 10
1061 11
1061 12
1061 13
1061 14
1062 0
1062 1
1062 2
1062 3
1062 4
1062 5
1062 6
1062 7
1062 8
1062 9
1062 10
1062 11
1062 12
1062 13
1062 14
1062 15
1062 16
1063 0
1063 1
1063 2
1063 3
1063 4
1063 5
1063 6
1063 7
1063 8
1063 9
1063 10
1063 11
1063 12
1063 13
1063 14
1063 15
1063 16
1064 0
1064 2
1064 3
1064 4
1064 5
1064 6
1064 7
1064 8
1064 9
1064 10
1064 11
1064 12
1064 13
1064 14
1064 15
1064 16
1065 5
1065 6
1065 7
1065 8
1065 9
1065 10
1065 11
1065 12
1065 13
