4200 929
4200 930
4201 929
4201 930
4201 931
4202 930
4202 931
4202 932
4203 931
4203 932
4203 933
4204 932
4204 933
4204 934
4204 935
4205 933
4205 934
4205 935
4205 936
4206 934
4206 935
4206 936
4206 937
4207 935
4207 936
4207 937
4207 938
4208 936
4208 937
4208 938
4208 939
4209 938
4209 939
4209 940
4209 941
4210 939
4210 940
4210 941
4210 942
4211 940
4211 941
4211 942
4211 943
4212 942
4212 943
4212 944
4213 943
4213 944
4213 945
4214 944
4214 945
4214 946
4214 947
4215 945
4215 946
4215 947
4215 948
4216 946
4216 947
4216 948
4216 949
4217 948
4217 949
4217 950
4218 949
4218 950
4218 951
4219 950
4219 951
4219 952
4220 951
4220 952
4220 953
4220 954
4221 952
4221 953
4221 954
4221 955
4222 954
4222 955
4222 956
4222 957
4223 955
4223 956
4223 957
4223 958
4224 955
4224 956
4224 957
4224 958
4224 959
4225 956
4225 957
4225 958
4225 959
4225 960
4226 958
4226 959
4226 960
4226 961
4226 962
4227 959
4227 960
4227 961
4227 962
4227 963
4228 960
4228 961
4228 962
4228 963
4228 964
4229 961
4229 962
4229 963
4229 964
4229 965
4229 966
4230 963
4230 964
4230 965
4230 966
4230 967
4231 964
4231 965
4231 966
4231 967
4231 968
4232 966
4232 967
4232 968
4232 969
4233 967
4233 968
4233 969
4233 970
4234 969
4234 970
4234 971
4235 970
4235 971
4235 972
4236 972
4236 973
4236 974
4237 973
4237 974
4237 975
4238 975
4238 976
4239 976
4239 977
4240 977
4240 978
4240 979
4241 978
4241 979
4241 980
4242 980
4242 981
4242 982
4243 981
4243 982
4243 983
4244 982
4244 983
4244 984
4244 985
4245 983
4245 984
4245 985
4245 986
4246 984
4246 985
4246 986
4246 987
4246 988
4247 986
4247 987
4247 988
4247 989
4247 990
4247 991
4248 986
4248 987
4248 988
4248 989
4248 990
4248 991
4248 992
4248 993
4249 988
4249 989
4249 990
4249 991
4249 992
4249 993
4249 994
4250 989
4250 990
4250 991
4250 992
4250 993
4250 994
4250 995
4250 996
4250 997
4251 990
4251 991
4251 992
4251 993
4251 994
4251 995
4251 996
4251 997
4251 998
4251 999
4252 990
4252 991
4252 992
4252 993
4252 994
4252 995
4252 996
4252 997
4252 998
4252 999
4252 1000
4252 1001
4253 992
4253 993
4253 994
4253 995
4253 996
4253 997
4253 998
4253 999
4253 1000
4253 1001
4253 1002
4253 1003
4254 993
4254 994
4254 995
4254 996
4254 997
4254 998
4254 999
4254 1000
4254 1001
4254 1002
4254 1003
4254 1004
4254 1005
4254 1006
4255 995
4255 996
4255 997
4255 998
4255 999
4255 1000
4255 1001
4255 1002
4255 1003
4255 1004
4255 1005
4255 1006
4255 1007
4256 997
4256 998
4256 999
4256 1000
4256 1001
4256 1002
4256 1003
4256 1004
4256 1005
4256 1006
4256 1007
4256 1008
4256 1009
4256 1010
4257 998
4257 999
4257 1000
4257 1001
4257 1002
4257 1003
4257 1004
4257 1005
4257 1006
4257 1007
4257 1008
4257 1009
4257 1010
4257 1011
4257 1012
4258 1000
4258 1001
4258 1002
4258 1003
4258 1004
4258 1005
4258 1006
4258 1007
4258 1008
4258 1009
4258 1010
4258 1011
4258 1012
4258 1013
4258 1014
4259 1003
4259 1004
4259 1005
4259 1006
4259 1007
4259 1008
4259 1009
4259 1010
4259 1011
4259 1012
4259 1013
4259 1014
4259 1015
4259 1016
4260 1005
4260 1006
4260 1007
4260 1008
4260 1009
4260 1010
4260 1011
4260 1012
4260 1013
4260 1014
4260 1015
4260 1016
4260 1017
4260 1018
4261 1007
4261 1008
4261 1009
4261 1010
4261 1011
4261 1012
4261 1013
4261 1014
4261 1015
4261 1016
4261 1017
4261 1018
4261 1019
4262 1009
4262 1010
4262 1011
4262 1012
4262 1013
4262 1014
4262 1015
4262 1016
4262 1017
4262 1018
4262 1019
4262 1020
4262 1021
4262 1022
4263 1012
4263 1013
4263 1014
4263 1015
4263 1016
4263 1017
4263 1018
4263 1019
4263 1020
4263 1021
4263 1022
4263 1023
4263 1024
4264 1016
4264 1017
4264 1018
4264 1019
4264 1020
4264 1021
4264 1022
4264 1023
4264 1024
4264 1025
4264 1026
4265 1019
4265 1020
4265 1021
4265 1022
4265 1023
4265 1024
4265 1025
4265 1026
4265 1027
4265 1028
4266 1022
4266 1023
4266 1024
4266 1025
4266 1026
4266 1027
4267 1026
4267 1027
4402 1806
4402 1807
4402 1808
4403 1808
4403 1809
4403 1810
4404 1810
4404 1811
4404 1812
4405 1811
4405 1812
4405 1813
4406 1813
4406 1814
4406 1815
4407 1814
4407 1815
4407 1816
4408 1816
4408 1817
4408 1818
4408 1819
4409 1817
4409 1818
4409 1819
4409 1820
4409 1821
4410 1818
4410 1819
4410 1820
4410 1821
4410 1822
4411 1819
4411 1820
4411 1821
4411 1822
4411 1823
4411 1824
4412 1820
4412 1821
4412 1822
4412 1823
4412 1824
4412 1825
4413 1822
4413 1823
4413 1824
4413 1825
4413 1826
4414 1823
4414 1824
4414 1825
4414 1826
4414 1827
4415 1825
4415 1826
4415 1827
4415 1828
4415 1829
4416 1826
4416 1827
4416 1828
4416 1829
4416 1830
4417 1828
4417 1829
4417 1830
4417 1831
4418 1829
4418 1830
4418 1831
4418 1832
4419 1831
4419 1832
4419 1833
4420 1832
4420 1833
4420 1834
4420 1835
4421 1832
4421 1833
4421 1834
4421 1835
4421 1836
4422 1833
4422 1834
4422 1835
4422 1836
4422 1837
4422 1838
4423 1834
4423 1835
4423 1836
4423 1837
4423 1838
4423 1839
4424 1835
4424 1836
4424 1837
4424 1838
4424 1839
4424 1840
4425 1837
4425 1838
4425 1839
4425 1840
4426 1838
4426 1839
4426 1840
4426 1841
4427 1839
4427 1840
4427 1841
4427 1842
4428 1841
4428 1842
4428 1843
4429 1842
4429 1843
4429 1844
4429 1845
4430 1843
4430 1844
4430 1845
4430 1846
4431 1844
4431 1845
4431 1846
4431 1847
4432 1845
4432 1846
4432 1847
4432 1848
4433 1846
4433 1847
4433 1848
4433 1849
4434 1847
4434 1848
4434 1849
4434 1850
4435 1848
4435 1849
4435 1850
4435 1851
4436 1849
4436 1850
4436 1851
4436 1852
4437 1850
4437 1851
4437 1852
4437 1853
4438 1851
4438 1852
4438 1853
4438 1854
4439 1852
4439 1853
4439 1854
4439 1855
4440 1853
4440 1854
4440 1855
4440 1856
4440 1857
4441 1854
4441 1855
4441 1856
4441 1857
4441 1858
4442 1855
4442 1856
4442 1857
4442 1858
4442 1859
4443 1855
4443 1856
4443 1857
4443 1858
4443 1859
4443 1860
4444 1856
4444 1857
4444 1858
4444 1859
4444 1860
4444 1861
4445 1857
4445 1858
4445 1859
4445 1860
4445 1861
4446 1859
4446 1860
4446 1861
4446 1862
4447 1860
4447 1861
4447 1862
4447 1863
4448 1861
4448 1862
4448 1863
4448 1864
4449 1862
4449 1863
4449 1864
4449 1865
4450 1864
4450 1865
4450 1866
4451 1864
4451 1865
4451 1866
4451 1867
4452 1866
4452 1867
4452 1868
4453 1867
4453 1868
4453 1869
4454 1868
4454 1869
4454 1870
4455 1868
4455 1869
4455 1870
4455 1871
4455 1872
4456 1869
4456 1870
4456 1871
4456 1872
4456 1873
4457 1870
4457 1871
4457 1872
4457 1873
4457 1874
4458 1871
4458 1872
4458 1873
4458 1874
4458 1875
4459 1872
4459 1873
4459 1874
4459 1875
4459 1876
4460 1873
4460 1874
4460 1875
4460 1876
4460 1877
4461 1874
4461 1875
4461 1876
4461 1877
4461 1878
4462 1875
4462 1876
4462 1877
4462 1878
4462 1879
4462 1880
4463 1876
4463 1877
4463 1878
4463 1879
4463 1880
4463 1881
4464 1877
4464 1878
4464 1879
4464 1880
4464 1881
4465 1878
4465 1879
4465 1880
4465 1881
4465 1882
4465 1883
4466 1879
4466 1880
4466 1881
4466 1882
4466 1883
4467 1880
4467 1881
4467 1882
4467 1883
4467 1884
4468 1881
4468 1882
4468 1883
4468 1884
4468 1885
4469 1882
4469 1883
4469 1884
4469 1885
4469 1886
4469 1887
4470 1883
4470 1884
4470 1885
4470 1886
4470 1887
4471 1884
4471 1885
4471 1886
4471 1887
4471 1888
4472 1886
4472 1887
4472 1888
4472 1889
4473 1887
4473 1888
4473 1889
4473 1890
4474 1888
4474 1889
4474 1890
4474 1891
4475 1889
4475 1890
4475 1891
4475 1892
4476 1891
4476 1892
4476 1893
4477 1892
4477 1893
4477 1894
4478 1893
4478 1894
4478 1895
4479 1894
4479 1895
4479 1896
4480 1895
4480 1896
4480 1897
4481 1896
4481 1897
4481 1898
4482 1897
4482 1898
4482 1899
4483 1899
4483 1900
4484 1900
4485 1901
4485 1902
4486 1902
4486 1903
4487 1902
4487 1903
4487 1904
4488 1904
4488 1905
4489 1905
4489 1906
4490 1906
4490 1907
4491 1907
4491 1908
4492 1908
4492 1909
4493 1909
4493 1910
4494 1910
4494 1911
4495 1910
4495 1911
4495 1912
4496 1911
4496 1912
4496 1913
4497 1912
4497 1913
4497 1914
4498 1913
4498 1914
4498 1915
4499 1914
4499 1915
4499 1916
4500 1915
4500 1916
4500 1917
4501 1916
4501 1917
4501 1918
4502 1917
4502 1918
4502 1919
4503 1918
4503 1919
4503 1920
4504 1919
4504 1920
4504 1921
4505 1921
4506 1922
4507 1923
4507 1924
4508 1924
4508 1925
4509 1925
4509 1926
4510 1926
4510 1927
4511 1927
4511 1928
4512 1928
4512 1929
4513 1929
4514 1930
4515 1931
4516 1932
4516 1933
4517 1933
4517 1934
4518 1934
4518 1935
4519 1935
4520 1936
4521 1937
4522 1938
4523 1939
4524 1940
4525 1941
4526 1942
4527 1943
4528 1944
4529 1945
4530 1946
4531 1947
4532 1948
4533 1949
4534 1950
4535 1951
4536 1952
4537 1953
4538 1954
4538 1955
4539 1956
4540 1957
4541 1958
4542 1959
4543 1960
4544 1961
4545 1962
4545 1963
4546 1963
4546 1964
4547 1964
4547 1965
4548 1965
4548 1966
4549 1967
4550 1968
4551 1969
4551 1970
4552 1970
4552 1971
4553 1972
4554 1973
4555 1974
4555 1975
4556 1976
4556 1977
4557 1977
4557 1978
4557 1979
4558 1977
4558 1978
4558 1979
4558 1980
4558 1981
4558 1982
4559 1978
4559 1979
4559 1980
4559 1981
4559 1982
4559 1983
4560 1980
4560 1981
4560 1982
4560 1983
4560 1984
4560 1985
4561 1981
4561 1982
4561 1983
4561 1984
4561 1985
4561 1986
4561 1987
4561 1988
4562 1982
4562 1983
4562 1984
4562 1985
4562 1986
4562 1987
4562 1988
4562 1989
4562 1990
4563 1984
4563 1985
4563 1986
4563 1987
4563 1988
4563 1989
4563 1990
4563 1991
4564 1985
4564 1986
4564 1987
4564 1988
4564 1989
4564 1990
4564 1991
4564 1992
4564 1993
4564 1994
4565 1987
4565 1988
4565 1989
4565 1990
4565 1991
4565 1992
4565 1993
4565 1994
4566 1989
4566 1990
4566 1991
4566 1992
4566 1993
4566 1994
4566 1995
4567 1991
4567 1992
4567 1993
4567 1994
4567 1995
4568 1993
4568 1994
4568 1995
4569 1995
4569 1996
